2 0.8439086294416244 0.9082171913689424 0.24428934010152284 0.17688715953307393
2 0.17694162436548225 0.9065581888928192 0.25870558375634517 0.17356915458082772
18 0.3604187817258883 0.11340290060134417 0.06411802030456852 0.02517863459497701
18 0.39592005076142134 0.12390166253979483 0.04945431472081218 0.028489564909798374
18 0.4202093908629442 0.14058365758754865 0.04727157360406092 0.03708878669968164
22 0.5200634517766497 0.5670604881499823 0.3580203045685279 0.4496462681287584
4 0.23256345177664972 0.713622214361514 0.08123730964467005 0.03177573399363282
4 0.8999175126903554 0.7074814290767598 0.06759517766497462 0.049554297842235584
1 0.15329314720812182 0.7144747081712062 0.17016497461928934 0.19795896710293598
1 0.19784263959390863 0.5927449593208348 0.20215101522842638 0.09776087725504068
1 0.8159390862944162 0.7159285461620092 0.13123730964467006 0.19733286169083836
1 0.8197208121827412 0.5825751680226389 0.19908629441624365 0.08627166607711355