28 0.41488106565176025 0.7673437500000001 0.0552616555661275 0.052929687499999996
28 0.34866793529971457 0.7950520833333333 0.042721217887725975 0.0588671875
28 0.48449096098953376 0.7960807291666666 0.049857278782112276 0.06350260416666667
28 0.42235965746907705 0.8476822916666666 0.045470980019029494 0.05733072916666667
28 0.8025975261655566 0.797890625 0.060009514747859184 0.0619140625
28 0.7716555661274976 0.9286588541666667 0.06852521408182682 0.070859375
28 0.8966698382492864 0.96875 0.04644148430066603 0.0625
28 0.6946146527117031 0.9759114583333334 0.05525214081826832 0.048177083333333336
28 0.6146146527117031 0.9240755208333334 0.057012369172216935 0.06428385416666667
28 0.6738344433872503 0.7676692708333334 0.05176022835394862 0.05618489583333333
1 0.7405899143672693 0.4858203125 0.5188296860133206 0.4545182291666667
1 0.1542626070409134 0.5058854166666666 0.3085252140818268 0.7550781249999999