28 0.3666171875 0.21133412042502953 0.0496328125 0.07733175914994096
28 0.30436718749999997 0.16754427390791027 0.040375 0.04879574970484061
28 0.29990625 0.22345926800472257 0.04121875 0.05729634002361275
28 0.279625 0.13185360094451004 0.033859375000000004 0.04824085005903188
28 0.3465859375 0.14723730814639904 0.0349609375 0.04360094451003542
28 0.246625 0.2381818181818182 0.0362109375 0.045419126328217235
14 0.5259375000000001 0.5252302243211334 0.081171875 0.08824085005903187
14 0.7499921875 0.6362219598583235 0.07225781249999999 0.13608028335301064
35 0.597953125 0.778736717827627 0.051375000000000004 0.11414403778040143
35 0.516125 0.6675442739079103 0.053734375 0.11312868949232585
14 0.892453125 0.23636363636363636 0.068109375 0.11854781582054309
14 0.509765625 0.17907910271546637 0.080078125 0.12204250295159387
25 0.6511328125 0.0776151121605667 0.0405390625 0.08735537190082644
11 0.35071093750000004 0.8461629279811098 0.0275859375 0.06599763872491145