19 0.7573955773955774 0.9772750000000001 0.21481572481572483 0.04545
28 0.5811302211302212 0.9357500000000001 0.054373464373464374 0.028312499999999997
28 0.5428992628992629 0.9668125000000001 0.05832923832923832 0.031349999999999996
28 0.6952579852579853 0.9428375 0.054791154791154796 0.0243125
28 0.6036609336609337 0.9648375 0.06400491400491401 0.029674999999999997
28 0.6351351351351351 0.9260375000000001 0.048329238329238335 0.0304
26 0.4667813267813268 0.071225 0.2554054054054054 0.0499625
22 0.5572235872235872 0.3492125 0.31343980343980343 0.43591250000000004
2 0.855036855036855 0.2012875 0.28992628992628994 0.365075
2 0.1746191646191646 0.0708375 0.2951842751842752 0.1416625
1 0.695036855036855 0.6959375 0.60995085995086 0.47625
1 0.1890909090909091 0.315425 0.3063390663390664 0.4270125
1 0.27211302211302213 0.5100125 0.33975429975429977 0.362325