25 0.39303 0.3625 0.02607 0.052445652173913046
25 0.3773 0.3529619565217391 0.027100000000000003 0.04016304347826087
10 0.18306 0.6373097826086956 0.10113 0.08915760869565217
26 0.95188 0.9296875 0.09625 0.140625
26 0.8472999999999999 0.932241847826087 0.1071 0.13552989130434784
19 0.9371900000000001 0.4478804347826087 0.04438 0.07036684782608696
19 0.9775 0.4785733695652174 0.045 0.0671875
19 0.91567 0.5473641304347826 0.04044 0.06952445652173914
19 0.9360599999999999 0.509891304347826 0.03575 0.06129076086956522
28 0.9656 0.5401358695652174 0.03848 0.0550679347826087
28 0.89866 0.47540760869565213 0.037329999999999995 0.05902173913043478
4 0.31319 0.3798233695652174 0.08819 0.09510869565217392
4 0.49332 0.3010461956521739 0.05754 0.06600543478260869
4 0.55308 0.30807065217391305 0.07889 0.08747282608695651