11 0.19029482071713147 0.871889035667107 0.09373705179282868 0.22133421400264203
14 0.6397370517928287 0.3326023778071334 0.06434262948207171 0.12690885072655217
14 0.6049800796812749 0.294108322324967 0.05258964143426295 0.10274768824306472
14 0.7655856573705179 0.23760898282694848 0.055075697211155385 0.10533685601056803
14 0.7391713147410358 0.30846763540290617 0.062 0.10504623513870541
14 0.683187250996016 0.3381770145310436 0.029721115537848602 0.07198150594451784
14 0.6493386454183266 0.21245706737120212 0.07158565737051793 0.07484808454425362
18 0.6278725099601594 0.7433421400264201 0.056549800796812745 0.06990752972258917
18 0.5815139442231075 0.7844782034346104 0.05346613545816733 0.076221928665786
3 0.8114422310756972 0.6976354029062087 0.031243027888446216 0.061070013210039624
3 0.75600796812749 0.7098678996036988 0.0359203187250996 0.059101717305151916
3 0.7803745019920318 0.73110964332893 0.028876494023904384 0.04542932628797886
25 0.9777370517928287 0.9521796565389695 0.035163346613545816 0.061558784676354034
25 0.95001593625498 0.9429590488771467 0.03149800796812749 0.06623513870541611