8 0.5525273390036453 0.7405990255087417 0.19172539489671933 0.07821725422757236
29 0.5078614823815311 0.5792433361994841 0.04974078574321588 0.0578847807394669
4 0.3550627784528149 0.5877701347090857 0.1066383151073309 0.06060475781026082
19 0.9450870797893884 0.5334709085697907 0.10807614418793032 0.10104901117798797
6 0.4675212636695018 0.23567211235310978 0.04602268124746861 0.048589853826311265
4 0.4016524908869988 0.2873144167383205 0.07426893479141353 0.065884207509315
3 0.261640340218712 0.20087130983089713 0.04333333333333333 0.033445113212955
3 0.12236533009315513 0.12125537403267411 0.04424058323207777 0.02755230725136142
22 0.2228716079384366 0.677469188879335 0.3343620899149453 0.3876124964173116
1 0.8563304981773998 0.6463714531384351 0.2869825840421223 0.4520034393809114
4 0.32891859052247874 0.3124075666380052 0.07460510328068043 0.024832330180567498