2 0.2636259143155695 0.295370611183355 0.21946708463949843 0.2621066319895969
2 0.3958516196447231 0.1894928478543563 0.19324973876698015 0.24184655396618984
2 0.5029676071055381 0.14305591677503252 0.16998955067920585 0.23174252275682705
2 0.6414315569487984 0.18899869960988297 0.1429362591431557 0.24322496749024705
2 0.7475026123301985 0.2815214564369311 0.17268547544409613 0.2675032509752926
2 0.8797701149425288 0.4204291287386216 0.17314524555903865 0.25686605981794536
2 0.7184430512016718 0.5036020806241872 0.15446185997910136 0.2222366710013004
2 0.13048066875653083 0.43187256176853056 0.20397074190177636 0.28448634590377114
2 0.2429780564263323 0.4974772431729519 0.13827586206896553 0.21470741222366713
1 0.5776489028213165 0.45145643693107934 0.19717868338557992 0.23871261378413522
1 0.397251828631139 0.44950585175552665 0.18200626959247648 0.2708192457737321