17 0.2536470588235294 0.20751196172248804 0.017094117647058822 0.04978947368421053
17 0.23935294117647057 0.1755885167464115 0.027717647058823527 0.06410526315789473
20 0.7198352941176471 0.37542583732057416 0.14948235294117648 0.15116746411483253
2 0.5771882352941177 0.11164593301435406 0.1249764705882353 0.11005741626794259
2 0.41084705882352945 0.16915789473684212 0.08248235294117646 0.08791387559808612
2 0.46638823529411766 0.14804784688995215 0.09356470588235294 0.09832535885167464
1 0.6983764705882353 0.12495693779904307 0.10656470588235294 0.14784688995215312
1 0.7810823529411764 0.12402870813397131 0.13276470588235292 0.12524401913875596
1 0.7590117647058823 0.23940669856459332 0.11605882352941177 0.1183732057416268
1 0.9053882352941177 0.23202870813397128 0.18921176470588236 0.18493779904306218
22 0.2566705882352941 0.11659330143540671 0.23294117647058823 0.22520574162679427