14 0.7126340694006309 0.619826627412496 0.032326498422712936 0.02277069021916912
3 0.6473541009463722 0.6402093555773634 0.021052839116719242 0.017739614000654234
3 0.6988998422712934 0.6349918220477593 0.017669558359621453 0.016303565587176973
3 0.7210843848580442 0.6347726529277069 0.017681388012618298 0.01422963689892051
11 0.5497752365930599 0.7900523388943409 0.13852917981072554 0.07535819430814525
3 0.2600552050473186 0.5559862610402355 0.019321766561514197 0.016130192999672884
28 0.04201104100946373 0.34992803402028133 0.020930599369085173 0.017271835132482826
28 0.10621845425867509 0.34371606149820083 0.021853312302839118 0.014654890415439973
28 0.021620662460567822 0.3319332679097154 0.01827287066246057 0.016172718351324826
28 0.024128548895899053 0.3945207719986915 0.019337539432176656 0.01595354923127249
28 0.037563091482649844 0.4381583251553811 0.0199211356466877 0.01708537782139352