22 0.5020398351648352 0.6870813679245282 0.14326923076923076 0.354121462264151
17 0.34770604395604393 0.6099823113207548 0.05438873626373626 0.06430424528301887
4 0.6664972527472527 0.6420165094339622 0.062390109890109895 0.07923938679245282
4 0.8236881868131868 0.6734728773584906 0.05625686813186813 0.053702830188679246
1 0.7846222527472528 0.37067806603773584 0.24598901098901102 0.2028301886792453
2 0.8264560439560439 0.1655129716981132 0.14192994505494505 0.2071992924528302
2 0.6988186813186813 0.16478773584905662 0.13390109890109891 0.20182193396226417
0 0.4890315934065934 0.24262382075471697 0.21798763736263735 0.3594634433962264
1 0.21669642857142857 0.3704245283018868 0.2594024725274725 0.1925058962264151
2 0.2861881868131868 0.16901533018867923 0.14197802197802198 0.2181426886792453
2 0.1505837912087912 0.17099056603773585 0.1386195054945055 0.20637382075471697