22 0.49862464183381094 0.7580645161290323 0.1978223495702006 0.4172043010752688
17 0.30756446991404013 0.6704086021505377 0.07358166189111748 0.07416129032258065
4 0.7040830945558739 0.7069247311827958 0.07865329512893983 0.08696774193548387
4 0.9113753581661891 0.7493763440860215 0.07203438395415473 0.06649462365591398
0 0.5066189111747851 0.2322043010752688 0.3255730659025788 0.4558172043010753
2 0.07267908309455587 0.14175268817204303 0.14537249283667622 0.2749139784946236
2 0.2144842406876791 0.14684946236559138 0.1882808022922636 0.276505376344086
2 0.7912177650429799 0.14640860215053764 0.19849570200573066 0.2605591397849462
2 0.9312320916905444 0.14401075268817204 0.13753581661891118 0.2729677419354839
1 0.8452722063037249 0.3858279569892473 0.30945558739255014 0.272741935483871
1 0.14422636103151862 0.39170967741935486 0.28845272206303724 0.25223655913978493