6 0.5948177083333334 0.719111328125 0.0264453125 0.053671875
6 0.3530078125 0.7180859375 0.028932291666666665 0.0451171875
19 0.5568359374999999 0.387177734375 0.043085937500000004 0.045185546875
19 0.38526041666666666 0.39388671875 0.03266927083333333 0.06078125
4 0.2766796875 0.55498046875 0.05856770833333333 0.03140625
4 0.5307421875 0.52396484375 0.05744791666666666 0.03880859375
4 0.64453125 0.60375 0.06221354166666667 0.02912109375
0 0.4698697916666667 0.22787109375 0.1121875 0.13890625
2 0.30997395833333335 0.301337890625 0.11069010416666668 0.1035546875
2 0.19769531250000003 0.298359375 0.1089453125 0.1127734375
2 0.6302604166666667 0.303662109375 0.111796875 0.106015625
2 0.7433723958333333 0.30765625 0.11231770833333334 0.111845703125
1 0.5583854166666666 0.427822265625 0.15611979166666667 0.106953125
1 0.3894140625 0.422744140625 0.1277734375 0.09896484375