11 0.11252270433905147 0.6479473684210526 0.22505549949545914 0.3801052631578947
3 0.5583148335015136 0.8529473684210527 0.05456104944500505 0.08088157894736842
3 0.7874470232088799 0.8325394736842106 0.05875882946518668 0.09271052631578947
3 0.6570736629667002 0.8519868421052631 0.05280524722502523 0.07896052631578947
3 0.5284460141271443 0.5999342105263158 0.05285570131180626 0.05843421052631578
3 0.6170938446014127 0.6028552631578947 0.051029263370333 0.06756578947368422
3 0.440050454086781 0.5995 0.05012108980827447 0.06742105263157895
3 0.42687184661957617 0.8519342105263158 0.059091826437941475 0.07228947368421053
3 0.32350151362260343 0.5748026315789474 0.05416750756811302 0.07396052631578948
3 0.6083652875882947 0.38948684210526313 0.05124117053481332 0.06846052631578947
3 0.789757820383451 0.40956578947368416 0.04822401614530777 0.055973684210526314