25 0.11155046826222685 0.7035348226018396 0.11643080124869927 0.13898817345597897
25 0.2829240374609781 0.647227332457293 0.11838709677419354 0.12164257555847569
25 0.4021748178980229 0.6395137976346912 0.10454734651404786 0.11936925098554534
27 0.8270239334027055 0.5504993429697767 0.09576482830385016 0.11875164257555848
27 0.7579084287200832 0.6749802890932982 0.08502601456815816 0.0983311432325887
27 0.964360041623309 0.6199737187910644 0.0712799167533819 0.1328646517739816
27 0.547429760665973 0.6604599211563732 0.10111342351716962 0.11854139290407358
27 0.5714776274713841 0.5425098554533508 0.09977107180020811 0.11917214191852825
27 0.6530280957336108 0.5543101182654402 0.08858480749219562 0.11980289093298292
27 0.6392715920915714 0.49400788436268067 0.07667013527575443 0.06818659658344284
25 0.6753902185223725 0.6554270696452037 0.12550468262226847 0.09864651773981602
25 0.7782622268470343 0.6235479632063075 0.11270551508844953 0.08743758212877793
3 0.5025078043704475 0.6169382391590014 0.08669094693028095 0.12021024967148489
3 0.5408012486992716 0.4864257555847569 0.08004162330905307 0.0957293035479632