19 0.4235725677830941 0.7119611650485438 0.07097288676236045 0.07375728155339806
7 0.602695374800638 0.6869223300970874 0.03792663476874003 0.019805825242718445
7 0.5594577352472089 0.7160679611650484 0.03864433811802233 0.019825242718446604
7 0.6385326953748006 0.7073398058252427 0.026666666666666665 0.01662135922330097
28 0.5221850079744818 0.7005339805825243 0.038516746411483255 0.02112621359223301
28 0.4614832535885168 0.7006796116504855 0.027719298245614032 0.01883495145631068
0 0.6177033492822966 0.2780873786407767 0.2401913875598086 0.321873786407767
22 0.3641307814992026 0.279873786407767 0.24342902711323763 0.2982718446601942
2 0.12773524720893142 0.2894660194174757 0.19805422647527912 0.29672815533980584
2 0.8971291866028708 0.2909611650485437 0.20574162679425836 0.3010097087378641
2 0.7437161084529506 0.23145631067961164 0.14558213716108453 0.1586990291262136
2 0.25842105263157894 0.22674757281553398 0.144688995215311 0.14411650485436894