1 0.4557714285714286 0.14606875 0.05333968253968254 0.15255000000000002
1 0.5585492063492064 0.1583875 0.05572380952380952 0.16052499999999997
1 0.6571238095238096 0.20576250000000001 0.04017142857142857 0.27401875
1 0.6350603174603174 0.17748750000000002 0.029907936507936505 0.17164374999999998
1 0.3837650793650793 0.18142499999999998 0.032082539682539685 0.20035
1 0.3580984126984127 0.1752375 0.04635873015873016 0.28796875
22 0.37355238095238097 0.52196875 0.0232984126984127 0.10643124999999999
11 0.3577650793650794 0.92766875 0.027698412698412698 0.061593749999999996
22 0.5027333333333333 0.7435250000000001 0.06895873015873016 0.32246875
12 0.48093968253968256 0.6707875 0.10473968253968254 0.08740624999999999
12 0.8675968253968254 0.6614187499999999 0.014558730158730158 0.07700625
22 0.8988984126984128 0.7949187499999999 0.06551746031746032 0.279425