28 0.2051677852348993 0.6626311263972485 0.1123489932885906 0.0716079105760963
28 0.035906040268456375 0.6867239896818572 0.07179865771812081 0.07165090283748925
28 0.15430872483221475 0.37563198624247635 0.05357046979865771 0.03759243336199484
28 0.2336778523489933 0.3563112639724849 0.05661744966442953 0.04367153912295787
28 0.34825503355704696 0.3455202063628547 0.06563758389261745 0.047876182287188304
28 0.4901476510067114 0.34282889079965606 0.06487248322147651 0.05453138435081686
28 0.6217986577181208 0.34359415305245056 0.06506040268456376 0.05089423903697334
28 0.7394093959731544 0.3539122957867584 0.06138255033557047 0.04401547721410146
28 0.8223355704697987 0.3710748065348237 0.05005369127516778 0.0405073086844368
28 0.4926442953020134 0.6533877901977644 0.10208053691275168 0.08063628546861565
28 0.7680939597315436 0.6630008598452279 0.10799999999999998 0.07750644883920894
28 0.963758389261745 0.6834049871023216 0.07248322147651007 0.07704213241616509
22 0.48820134228187917 0.34386070507308686 0.2918255033557047 0.47276010318142736