28 0.812237885462555 0.11565051020408164 0.10024669603524229 0.14200255102040815
28 0.5721145374449339 0.2740051020408163 0.09577092511013216 0.13346938775510203
28 0.7347753303964758 0.18233418367346937 0.10391189427312775 0.11593112244897959
28 0.8730660792951541 0.20280612244897958 0.07651982378854626 0.15052295918367348
28 0.9375506607929515 0.205625 0.055709251101321584 0.130625
28 0.8125550660792952 0.678609693877551 0.1273215859030837 0.17735969387755104
28 0.901057268722467 0.5756760204081632 0.1281057268722467 0.18196428571428572
28 0.780942731277533 0.5505994897959184 0.08170925110132159 0.10630102040816326
28 0.659330396475771 0.587984693877551 0.1116035242290749 0.14280612244897958
28 0.5238854625550661 0.6615688775510203 0.10504845814977974 0.14329081632653062
28 0.46958590308370046 0.2729591836734694 0.10656387665198239 0.14411989795918367
28 0.5121233480176212 0.49822704081632657 0.08592070484581497 0.12910714285714286
28 0.6948986784140969 0.386390306122449 0.07261674008810573 0.10951530612244897
28 0.6051982378854626 0.3862755102040816 0.09586784140969164 0.15392857142857144
28 0.5287753303964757 0.38067602040816323 0.07075770925110132 0.11723214285714285
28 0.6070572687224669 0.17239795918367345 0.09958590308370044 0.10882653061224488