27 0.5827111984282908 0.608045 0.08487229862475443 0.041095
27 0.6447347740667977 0.6164299999999999 0.07793713163064833 0.04786
27 0.742524557956778 0.623015 0.10653241650294695 0.0427
14 0.8604223968565815 0.57726 0.15240667976424363 0.09784999999999999
14 0.7252062868369351 0.577875 0.18321218074656187 0.06408499999999999
25 0.7929273084479371 0.67852 0.09274066797642436 0.038704999999999996
25 0.7492239685658154 0.64916 0.07736738703339882 0.03165
25 0.9764243614931237 0.561455 0.047151277013752456 0.03624
25 0.9565029469548134 0.6219450000000001 0.08262278978388998 0.037225
25 0.9404911591355599 0.590355 0.05714145383104126 0.03071
25 0.8865717092337917 0.66324 0.06718074656188605 0.039810000000000005
25 0.8553732809430256 0.635795 0.0768271119842829 0.02659