7 0.2532389380530974 0.18243 0.3530973451327434 0.17486000000000002
7 0.33748672566371685 0.61681 0.3091858407079646 0.17696
7 0.8207433628318584 0.86372 0.30815929203539827 0.15078
7 0.540070796460177 0.52873 0.2954867256637168 0.17412
7 0.14261946902654868 0.49639 0.26164601769911505 0.15611000000000003
7 0.21210619469026548 0.35298 0.24722123893805312 0.14930000000000002
7 0.29297345132743363 0.06131 0.34405309734513273 0.11595
7 0.5142654867256637 0.26200999999999997 0.243858407079646 0.1507
7 0.8967610619469026 0.29512 0.20649557522123893 0.18025
7 0.6391858407079646 0.124 0.24001769911504428 0.12465999999999999
7 0.8201946902654867 0.44591000000000003 0.2598761061946903 0.17848