28 0.37668460710441337 0.1097 0.04022604951560818 0.06225714285714286
28 0.3656620021528525 0.1740857142857143 0.04510226049515608 0.058885714285714284
28 0.166243272335845 0.1765 0.03645855758880517 0.04942857142857143
28 0.15618945102260495 0.2791 0.035188374596340145 0.05107142857142857
28 0.23804090419806243 0.19844285714285714 0.04283100107642626 0.06832857142857143
28 0.22517761033369213 0.0642 0.04669537136706136 0.06411428571428572
28 0.31955866523143167 0.08788571428571429 0.0336275565123789 0.057928571428571426
28 0.32756727664155005 0.2149285714285714 0.04157158234660926 0.054857142857142854
28 0.3516146393972013 0.3196142857142857 0.04660925726587729 0.05707142857142858
28 0.29207750269106564 0.31284285714285714 0.048632938643702904 0.057828571428571424
28 0.23892357373519915 0.31365714285714286 0.036512378902045214 0.059457142857142854
28 0.20682454251883745 0.4266285714285714 0.042292787944025835 0.06395714285714287
28 0.348686759956943 0.37725714285714285 0.04076426264800861 0.05808571428571428