31 0.632845 0.8567025089605734 0.055692500000000006 0.10183193946634807
31 0.53362 0.764484269215452 0.048909999999999995 0.06872560732775786
31 0.46692500000000003 0.8373397052966945 0.0438475 0.10292712066905615
31 0.5384525 0.8412863401035443 0.051902500000000004 0.11347670250896057
31 0.5133925 0.6514575866188769 0.040119999999999996 0.0842731979291119
31 0.4083025 0.8010712863401035 0.039935000000000005 0.07552767821585026
31 0.43307999999999996 0.7095659099960175 0.04449 0.08101951413779371
31 0.28105 0.7180326563122262 0.048765 0.05547192353643966
31 0.4144875 0.6301393866985264 0.048975000000000005 0.06819195539625647
31 0.22422 0.691636798088411 0.031775 0.05577857427319793
31 0.64838 0.7090003982477101 0.050095 0.06130625248904819
31 0.61251 0.5541059338908801 0.0516875 0.05949820788530466