32 0.5842575107296137 0.1931500926497838 0.1298841201716738 0.27203829524397777
3 0.6684678111587983 0.3060160592958616 0.03865665236051502 0.05922174181593576
3 0.693931330472103 0.20913526868437304 0.03593133047210301 0.04767140210006177
3 0.6670042918454935 0.12576281655342805 0.027145922746781116 0.047689932056825195
3 0.470519313304721 0.1827362569487338 0.03545493562231759 0.05046324891908586
3 0.5072875536480687 0.3631377393452748 0.03817596566523605 0.049932056825200744
3 0.5127210300429185 0.27822730080296476 0.027583690987124463 0.04069796170475602
3 0.25424463519313306 0.15615812229771464 0.029948497854077254 0.03744904261890056
3 0.24334763948497853 0.2525571340333539 0.036051502145922745 0.044953675108091416
3 0.28425321888412014 0.1784249536751081 0.02772961373390558 0.04493514515132798
3 0.1766824034334764 0.2564546016059296 0.03148068669527897 0.043477455219271155