28 0.6262311557788945 0.21186000000000002 0.16062814070351758 0.11464
28 0.8150502512562814 0.22748 0.18193467336683417 0.14587999999999998
28 0.2791959798994975 0.27308 0.11527638190954774 0.10615999999999999
28 0.48108040201005026 0.11531999999999999 0.18555276381909547 0.10698
28 0.08198492462311559 0.07256 0.13201005025125628 0.10148
28 0.07163316582914574 0.38604 0.1386683417085427 0.14298
28 0.7812060301507538 0.4375 0.15535175879396984 0.15502000000000002
28 0.48972361809045223 0.6302000000000001 0.11605527638190954 0.10404000000000001
28 0.497286432160804 0.49754000000000004 0.1813819095477387 0.10052
28 0.7621859296482413 0.6435 0.1264572864321608 0.10884
28 0.2638944723618091 0.46527999999999997 0.1485929648241206 0.09418000000000001
28 0.2849497487437186 0.6069 0.16331658291457288 0.10106
28 0.22522613065326633 0.09468 0.13522613065326633 0.113
28 0.3811809045226131 0.20826 0.13193467336683418 0.09652