14 0.5512166356300434 0.2872320740169622 0.15395406579764123 0.1797070161912105
14 0.6608690254500311 0.49218966846569007 0.11006828057107386 0.1948650732459522
18 0.7533581626319057 0.6288666152659984 0.10385474860335196 0.1382266769468003
18 0.2029608938547486 0.5604317656129529 0.11045934202358783 0.11854279105628374
18 0.42513966480446924 0.6781958365458751 0.10788330229671013 0.09501927525057825
18 0.30403476101800125 0.6382729375481881 0.10651769087523277 0.11077101002313029
25 0.7419987585350714 0.5141788743253662 0.09107386716325264 0.11239784117193524
25 0.593625077591558 0.6209020817270624 0.12455617628801986 0.2086430223592907
25 0.46862197392923655 0.44709329221279875 0.10795158286778399 0.17252891287586739
25 0.38693978895096215 0.5862528912875867 0.13080074487895718 0.13010023130300694
25 0.37947237740533835 0.38751734772552043 0.10594040968342644 0.11813415574402467
25 0.25925512104283055 0.45638396299151884 0.09888888888888889 0.12324595219737856