7 0.9113475177304965 0.688992506244796 0.1773049645390071 0.1390091590341382
7 0.7735460992907801 0.7811323896752705 0.21375886524822696 0.12346378018318069
7 0.5929550827423168 0.2632722731057452 0.1598936170212766 0.11355537052456285
7 0.8739952718676123 0.40184013322231477 0.11677304964539008 0.12090757701915071
7 0.690260047281324 0.42253955037468777 0.1654018912529551 0.12568692756036634
7 0.719869976359338 0.2575020815986678 0.13949172576832153 0.1286594504579517
7 0.3843026004728132 0.3119150707743547 0.16340425531914896 0.11093255620316401
7 0.2425177304964539 0.5384679433805163 0.2013356973995272 0.1177352206494588
7 0.5269621749408984 0.4596919233971691 0.15559101654846336 0.10340549542048293
7 0.6994917257683215 0.55766860949209 0.1696808510638298 0.1161698584512906
7 0.45365248226950355 0.5633139050791007 0.16970449172576832 0.09414654454621149
7 0.3564775413711584 0.431706910907577 0.15030732860520093 0.12402164862614487
7 0.06438534278959811 0.20029142381348877 0.12877068557919621 0.12081598667776852
7 0.10078014184397163 0.38161532056619485 0.16847517730496453 0.12043297252289757
7 0.223096926713948 0.2626977518734388 0.13414893617021276 0.1257285595337219
7 0.2574231678486998 0.3778767693588676 0.13659574468085106 0.10297252289758535