18 0.16818513119533526 0.6981925343811395 0.1585276967930029 0.19401768172888015
18 0.597295918367347 0.7583104125736739 0.17418367346938773 0.14530451866404714
18 0.7676603498542274 0.7239882121807465 0.13590379008746356 0.16703339882121807
18 0.9042930029154519 0.6153732809430256 0.13803935860058308 0.1619842829076621
14 0.42139941690962096 0.19838899803536347 0.1809985422740525 0.26317288801571714
14 0.2900728862973761 0.490147347740668 0.1486588921282799 0.2769548133595285
25 0.5532944606413994 0.43646365422396854 0.1765524781341108 0.25997053045186636
25 0.37529883381924195 0.6745776031434185 0.17041545189504373 0.30395874263261297
25 0.17933673469387756 0.5332220039292731 0.13710641399416912 0.17841846758349705
25 0.5206778425655977 0.6212671905697447 0.18129737609329447 0.19342829076620824
25 0.6583892128279883 0.6301571709233792 0.16225947521865888 0.18369351669941061
25 0.8270189504373179 0.4445481335952849 0.14091836734693877 0.20147347740667976