14 0.60776 0.7270617283950617 0.29551 0.3800493827160494
14 0.39307 0.9104938271604939 0.18615 0.17901234567901234
14 0.75575 0.421358024691358 0.25149 0.2686296296296296
14 0.8131 0.8052222222222223 0.2312 0.17217283950617285
14 0.76654 0.15422222222222223 0.28308 0.2405432098765432
14 0.27956 0.4900864197530865 0.28911000000000003 0.20239506172839505
18 0.18478999999999998 0.9039135802469135 0.14458000000000001 0.16585185185185186
18 0.12905 0.6328641975308642 0.1431 0.1669753086419753
18 0.5568099999999999 0.3327283950617284 0.12362000000000001 0.14076543209876544
25 0.25776 0.6409259259259259 0.17551 0.1769135802469136
25 0.40116 0.625641975308642 0.11732 0.2204320987654321
25 0.55575 0.4385925925925926 0.1065 0.2043333333333333